N	0
	0.235225449
O	0.2382898
	0.246899168
[	0.278126368
	0.281628484
	0.288632716
	0.289362323
	0.297096162
	0.298409456
	0.301619729
Z	0.301911572
i	0.302641179
E	0.302641179
	0.304538158
	0.305413687
	0.306289216
	0.307894353
	0.309499489
	0.309645411
	0.311688312
j	0.313147527
U	0.313147527
	0.314898585
S	0.319130308
	0.32029768
	0.320443601
	0.322778345
b	0.323945717
u	0.324967168
	0.327010069
q	0.330366263
}	0.330512184
U	0.330658106
	0.331241792
	0.332701007
j	0.334306143
	0.335473515
	0.335765358
	0.338100102
	0.338537867
	0.338537867
	0.340580768
Z	0.341456297
	0.342039982
M	0.342185904
	0.344082883
	0.344812491
o	0.345833941
	0.346271706
p	0.347147235
	0.347584999
[	0.347730921
	0.347730921
	0.3496279
	0.349919743
	0.351233037
	0.35152488
	0.351816723
	0.352108566
	0.353567781
H	0.353859624
	0.354151467
	0.354151467
v	0.355610681
	0.355756603
W	0.355902524
	0.357799504
	0.358091347
S	0.358529111
	0.358966876
	0.359696483
]	0.359988326
	0.360280169
	0.360717934
	0.36130162
	0.361447541
	0.362177149
	0.36232307
	0.362468992
	0.362614913
	0.363198599
	0.363782285
s	0.36422005
	0.364657814
\	0.364949657
	0.365825186
	0.365825186
	0.366554794
	0.366554794
	0.367138479
J	0.367430322
	0.367576244
	0.36815993
r	0.368305851
	0.368743616
O	0.368889537
\	0.369910988
	0.369910988
	0.370056909
\	0.370786517
	0.370786517
	0.370932438
	0.372829418
\	0.374142711
	0.374288633
	0.374580476
	0.374580476
	0.374872319
T	0.375310083
I	0.375601926
W	0.375893769
D	0.376477455
K	0.37691522
x	0.37691522
	0.377061141
	0.377207063
T	0.377644827
	0.378666278
}	0.378666278
O	0.378812199
	0.378812199
_	0.378958121
	0.379249964
g	0.379541807
	0.379833649
	0.379833649
	0.379833649
	0.380125492
G	0.380417335
q	0.380563257
	0.381001021
	0.382314315
	0.382752079
	0.383043922
L	0.383043922
E	0.383481687
	0.38377353
	0.383919451
	0.384065373
	0.384649059
	0.384649059
	0.38479498
	0.384940902
}	0.385086823
	0.385232745
	0.385378666
	0.385378666
	0.385524588
	0.386254195
	0.386400117
	0.386546038
W	0.386983803
	0.386983803
O	0.387129724
	0.387275646
	0.387275646
	0.387567489
	0.38771341
	0.387859332
	0.388005253
	0.388297096
	0.388443018
	0.388443018
f	0.388588939
C	0.388880782
	0.389172625
K	0.38961039
H	0.389756311
	0.390048154
	0.390048154
c	0.390048154
	0.390194076
	0.390485919
	0.390777762
	0.390777762
J	0.390923683
	0.391361448
D	0.391507369
R	0.391507369
	0.391653291
X	0.391799212
	0.391945134
	0.393404348
	0.39355027
	0.39355027
	0.39355027
	0.39355027
N	0.393842113
	0.394279877
	0.394425799
^	0.394425799
v	0.394425799
	0.394863563
	0.395009485
	0.395009485
	0.395155406
	0.395155406
	0.395155406
	0.395301328
	0.395739092
D	0.395885014
v	0.395885014
u	0.396322778
	0.396614621
~	0.396906464
y	0.397052386
	0.397198307
	0.397344229
G	0.397344229
	0.397344229
i	0.398219758
	0.398219758
	0.398365679
	0.398365679
	0.398657522
	0.398803444
	0.39938713
	0.399533051
	0.399970816
	0.399970816
C	0.40040858
|	0.400554502
E	0.400700423
V	0.400846345
	0.401138188
E	0.401138188
	0.401138188
	0.401430031
}	0.401721874
	0.401721874
	0.402159638
	0.402159638
	0.402159638
M	0.40230556
	0.40230556
	0.402451481
	0.402451481
	0.402743324
v	0.402889246
	0.402889246
	0.403035167
	0.403181089
v	0.403181089
o	0.403472932
	0.403472932
u	0.403618853
V	0.403618853
	0.403764775
	0.403764775
	0.403764775
d	0.403910696
	0.404056618
	0.404348461
	0.404348461
g	0.404494382
^	0.404786225
	0.404932147
	0.404932147
	0.405078068
	0.405369911
	0.405661754
S	0.405661754
	0.405807675
	0.405953597
	0.406537283
V	0.406829126
`	0.406829126
	0.406829126
m	0.406975047
	0.407412812
	0.407412812
	0.407558733
	0.407558733
F	0.407704655
K	0.407850576
v	0.407996498
	0.408142419
	0.408142419
R	0.408288341
	0.408288341
	0.408872027
N	0.409309791
V	0.409455713
	0.409455713
Y	0.409893477
{	0.409893477
	0.41018532
u	0.410331242
	0.410477163
[	0.410623085
	0.410623085
	0.410769006
	0.410769006
	0.410769006
~	0.410914928
	0.410914928
	0.410914928
g	0.410914928
z	0.411060849
	0.411206771
	0.411352692
	0.411498614
W	0.411498614
j	0.411644535
	0.411790457
	0.411936378
	0.411936378
	0.411936378
	0.412228221
	0.412228221
	0.412374143
	0.412374143
^	0.412374143
	0.412665986
	0.412665986
	0.412811907
	0.412811907
\	0.412811907
	0.412957829
	0.41310375
	0.413395593
t	0.413541515
M	0.413541515
V	0.413833358
	0.413979279
\	0.413979279
	0.413979279
	0.414125201
W	0.414125201
	0.414125201
	0.414271122
	0.414417044
	0.414562965
	0.41500073
	0.415146651
	0.415292573
	0.415438494
s	0.415438494
	0.415584416
	0.415584416
	0.415730337
	0.415876259
Q	0.415876259
X	0.41602218
	0.416168102
	0.416314023
G	0.416314023
	0.416314023
	0.416314023
	0.416314023
	0.416459945
	0.416459945
	0.416459945
O	0.417043631
y	0.417043631
	0.417043631
	0.417043631
k	0.417189552
	0.417335474
	0.417481395
	0.417481395
	0.417481395
u	0.417627317
	0.417627317
	0.417627317
	0.417919159
	0.418065081
n	0.418211002
	0.418211002
	0.418356924
F	0.418356924
	0.418502845
j	0.418648767
y	0.418794688
	0.41894061
	0.419086531
	0.419086531
B	0.419232453
	0.419378374
	0.419378374
	0.419378374
	0.419524296
	0.419524296
l	0.419670217
	0.419670217
a	0.419816139
k	0.419816139
	0.41996206
i	0.41996206
l	0.41996206
	0.41996206
]	0.41996206
	0.41996206
	0.420253903
	0.420253903
o	0.420399825
	0.420545746
y	0.420545746
	0.420691668
	0.420691668
v	0.420691668
	0.420837589
	0.420837589
	0.420837589
	0.421129432
	0.421567197
Q	0.421567197
	0.421713118
	0.421713118
	0.42185904
\	0.42185904
	0.422004961
m	0.422150883
]	0.422296804
	0.422296804
	0.422442726
o	0.422442726
q	0.422734569
	0.42288049
a	0.423026412
	0.423026412
`	0.423172333
Z	0.423172333
]	0.423172333
a	0.423318255
	0.423318255
	0.423464176
U	0.423464176
	0.423464176
	0.423464176
	0.423610098
	0.423756019
D	0.423901941
	0.424193784
	0.424339705
	0.424485627
	0.424485627
`	0.424631548
	0.424631548
	0.424631548
	0.425215234
	0.425361156
	0.425361156
	0.425361156
	0.425507077
	0.425507077
	0.425652999
J	0.425652999
L	0.42579892
	0.425944842
	0.425944842
	0.425944842
	0.426090763
	0.426090763
	0.426382606
	0.426382606
	0.426382606
{	0.426528528
E	0.426674449
	0.426674449
	0.426674449
z	0.426674449
	0.426820371
Z	0.426820371
	0.426966292
	0.427112214
	0.427112214
	0.427258135
	0.427258135
	0.427404057
	0.4276959
	0.4276959
	0.427841821
e	0.427841821
	0.427987743
N	0.427987743
	0.427987743
i	0.427987743
`	0.428133664
	0.428279586
	0.428425507
	0.428425507
	0.428425507
	0.428425507
W	0.428571429
	0.42871735
	0.428863272
	0.428863272
	0.429009193
	0.429009193
k	0.429155115
r	0.429155115
C	0.429301036
N	0.429301036
	0.429446958
	0.429446958
^	0.429446958
	0.429592879
	0.429592879
	0.429738801
t	0.429884722
	0.430030644
	0.430030644
	0.430468408
Y	0.430468408
i	0.430468408
^	0.430468408
	0.430614329
	0.430760251
	0.430906172
	0.430906172
	0.430906172
d	0.430906172
L	0.431052094
	0.431052094
y	0.431198015
o	0.431198015
	0.431198015
	0.431343937
	0.431489858
	0.431489858
N	0.431489858
	0.43163578
s	0.431781701
	0.432073544
	0.432219466
	0.432511309
	0.432949073
	0.433094995
	0.433094995
	0.433240916
	0.433240916
	0.433240916
	0.433240916
	0.433386838
	0.433532759
x	0.433532759
	0.433678681
X	0.433678681
X	0.433678681
	0.433824602
	0.433824602
O	0.433970524
	0.433970524
L	0.434116445
	0.434116445
	0.434116445
Z	0.434262367
	0.434408288
	0.434408288
x	0.434408288
	0.434408288
m	0.434700131
	0.434700131
\	0.434700131
	0.434846053
	0.434991974
[	0.434991974
	0.434991974
	0.434991974
	0.435137896
	0.435137896
	0.435137896
	0.435283817
	0.435429739
	0.435429739
	0.435429739
D	0.43557566
e	0.435721582
S	0.435867503
x	0.435867503
	0.435867503
	0.435867503
A	0.436013425
C	0.436013425
	0.436013425
Q	0.436159346
	0.436159346
	0.436159346
{	0.436159346
X	0.436305268
	0.436305268
	0.436305268
	0.436451189
	0.436451189
	0.436451189
J	0.436597111
	0.436743032
	0.436743032
T	0.436743032
	0.436888954
	0.436888954
p	0.436888954
D	0.437034875
	0.437180797
F	0.437180797
H	0.437326718
	0.437326718
r	0.437326718
	0.437326718
s	0.437326718
	0.43747264
	0.43747264
	0.437618561
	0.437764483
	0.437910404
	0.437910404
R	0.437910404
c	0.438056326
L	0.438056326
	0.438056326
	0.438202247
h	0.438202247
	0.438348169
	0.43849409
g	0.43849409
	0.438640012
	0.438640012
X	0.438640012
	0.438640012
	0.438640012
G	0.438640012
\	0.438640012
	0.438785933
S	0.438785933
	0.438785933
r	0.438785933
	0.438931855
	0.438931855
	0.439077776
H	0.439077776
	0.439515541
	0.439515541
	0.439515541
	0.439807384
	0.439807384
I	0.439807384
	0.439807384
	0.440245148
^	0.440245148
	0.440245148
	0.44039107
	0.44039107
	0.440536991
v	0.440536991
	0.440536991
	0.440536991
	0.440536991
	0.440682913
	0.440682913
	0.440828834
	0.440974756
t	0.440974756
	0.440974756
M	0.440974756
	0.441120677
	0.441120677
X	0.441120677
	0.441120677
	0.441120677
	0.441266599
u	0.441266599
	0.441266599
	0.44141252
O	0.44141252
	0.44141252
j	0.441558442
h	0.441558442
	0.441704363
m	0.441704363
L	0.441850285
	0.441850285
	0.441996206
	0.441996206
L	0.442142128
	0.442142128
	0.442142128
_	0.442288049
y	0.442288049
	0.442288049
O	0.442288049
A	0.442433971
	0.442725814
	0.442725814
r	0.442725814
	0.442725814
	0.442725814
k	0.442725814
	0.442871735
	0.442871735
	0.442871735
	0.443163578
	0.443163578
J	0.443163578
	0.443309499
	0.443455421
s	0.443455421
D	0.443455421
	0.443601342
	0.443601342
J	0.443747264
	0.444039107
	0.444185028
}	0.444185028
U	0.444185028
	0.444185028
	0.44433095
C	0.44433095
	0.444476871
	0.444476871
	0.444476871
	0.444476871
	0.444622793
	0.444622793
	0.444768714
	0.444768714
r	0.444914636
	0.445060557
	0.4453524
	0.4453524
d	0.4453524
	0.4453524
	0.4453524
q	0.445498322
	0.445498322
	0.445498322
	0.445644243
_	0.445644243
m	0.445790165
`	0.445790165
G	0.445790165
	0.445936086
	0.446082008
	0.446082008
|	0.446227929
T	0.446373851
	0.446373851
	0.446373851
a	0.446373851
P	0.446373851
	0.446519772
D	0.446519772
r	0.446519772
	0.446519772
I	0.446519772
	0.446665694
L	0.446811615
P	0.446957537
M	0.446957537
	0.447103458
	0.44724938
v	0.44724938
	0.447395301
	0.447395301
h	0.447395301
	0.447395301
	0.447541223
	0.447541223
	0.447541223
	0.447687144
	0.447687144
	0.447687144
	0.447687144
	0.447978987
	0.447978987
	0.447978987
	0.447978987
	0.448124909
	0.448124909
	0.448416752
A	0.448416752
	0.448416752
	0.448562673
u	0.448562673
	0.448562673
	0.448562673
	0.448854516
	0.448854516
	0.449000438
	0.449000438
	0.449000438
	0.449000438
p	0.449000438
	0.449146359
G	0.449146359
q	0.449146359
_	0.449146359
|	0.449146359
	0.449292281
~	0.449292281
	0.449292281
	0.449292281
_	0.449292281
	0.449292281
	0.449438202
T	0.449438202
	0.449438202
l	0.449438202
	0.449438202
A	0.449438202
	0.449438202
	0.449438202
	0.449584124
	0.449584124
	0.449584124
`	0.449730045
	0.449730045
}	0.449730045
	0.449730045
	0.449730045
	0.449730045
	0.449875967
	0.449875967
	0.449875967
	0.450021888
	0.450021888
	0.450021888
	0.450021888
	0.450021888
	0.450021888
{	0.45016781
	0.450313731
R	0.450313731
	0.450313731
	0.450459653
d	0.450605574
t	0.450751496
n	0.450751496
	0.450897417
P	0.450897417
	0.450897417
b	0.450897417
	0.450897417
[	0.450897417
	0.451043339
	0.45118926
	0.451335182
	0.451335182
	0.451481103
	0.451627025
J	0.451627025
n	0.451772946
	0.451918868
	0.452064789
	0.452064789
	0.452210711
	0.452210711
	0.452356632
	0.452356632
	0.452356632
Y	0.452502554
Z	0.452502554
P	0.452648475
	0.452648475
	0.452648475
s	0.452794397
h	0.452794397
	0.452794397
	0.452794397
	0.452794397
S	0.452794397
G	0.452940318
	0.452940318
	0.452940318
	0.45308624
	0.45308624
w	0.45308624
	0.453378083
	0.453378083
	0.453524004
	0.453669926
C	0.453669926
F	0.453669926
	0.453815847
~	0.453815847
	0.453961769
	0.453961769
	0.453961769
	0.453961769
	0.453961769
	0.45410769
	0.45410769
	0.454253612
	0.454399533
z	0.454399533
	0.454837298
	0.454837298
	0.454837298
	0.454983219
	0.455129141
_	0.455129141
]	0.455129141
	0.455129141
	0.455129141
C	0.455275062
K	0.455275062
D	0.455275062
	0.455420984
	0.455420984
	0.455566905
	0.455566905
	0.455566905
	0.455712826
y	0.455712826
	0.455712826
	0.455858748
x	0.455858748
m	0.456004669
b	0.456004669
t	0.456004669
	0.456004669
n	0.456150591
	0.456150591
	0.456150591
O	0.456296512
	0.456442434
	0.456442434
	0.456442434
	0.456442434
	0.456442434
	0.456588355
	0.456588355
	0.456734277
	0.456734277
	0.456734277
	0.456734277
	0.45702612
	0.45702612
	0.45702612
	0.45702612
	0.457172041
	0.457172041
	0.457317963
	0.457463884
	0.457463884
	0.457609806
	0.457609806
	0.457609806
	0.457755727
	0.457755727
	0.457901649
	0.457901649
	0.45804757
	0.45804757
e	0.458193492
	0.458193492
	0.458193492
	0.458193492
	0.458339413
	0.458339413
	0.458485335
	0.458485335
	0.458631256
R	0.458631256
	0.458777178
	0.458777178
y	0.458923099
	0.458923099
U	0.458923099
	0.459069021
e	0.459069021
	0.459069021
b	0.459214942
^	0.459214942
o	0.459214942
	0.459214942
C	0.459214942
T	0.459360864
Q	0.459360864
	0.459360864
W	0.459360864
	0.459506785
	0.459506785
j	0.459506785
A	0.459652707
w	0.459652707
	0.459652707
	0.459652707
B	0.459798628
	0.459798628
M	0.459798628
	0.459798628
	0.45994455
	0.45994455
	0.460090471
F	0.460236393
	0.460236393
	0.460236393
	0.460236393
d	0.460382314
	0.460382314
	0.460382314
	0.460382314
l	0.460528236
	0.460674157
	0.460674157
	0.460674157
	0.460674157
	0.460674157
k	0.460674157
	0.460820079
	0.460820079
O	0.460820079
	0.460966
_	0.460966
	0.461111922
	0.461111922
	0.461111922
N	0.461111922
C	0.461257843
	0.461403765
	0.461403765
o	0.461549686
	0.461549686
I	0.461695608
q	0.461695608
	0.461695608
	0.461841529
	0.461841529
	0.461841529
t	0.461841529
	0.461841529
	0.461987451
e	0.461987451
U	0.462133372
	0.462133372
l	0.462133372
	0.462279294
	0.462279294
	0.462425215
	0.462425215
	0.462571137
	0.462571137
l	0.462571137
	0.462571137
	0.462717058
	0.462717058
	0.462717058
	0.46286298
H	0.46286298
	0.46286298
	0.463008901
	0.463008901
	0.463154823
	0.463154823
	0.463154823
	0.463154823
	0.463154823
	0.463154823
	0.463154823
	0.463300744
	0.463300744
N	0.463300744
z	0.463300744
	0.463300744
P	0.463446666
E	0.463446666
	0.463592587
~	0.463738509
G	0.463738509
H	0.463738509
e	0.463738509
u	0.46388443
	0.46388443
	0.46388443
k	0.464030352
	0.464030352
	0.464030352
	0.464030352
	0.464176273
	0.464176273
	0.464176273
n	0.464176273
e	0.464322195
{	0.464322195
I	0.464322195
	0.464322195
	0.464322195
	0.464468116
Z	0.464468116
@	0.464468116
	0.464614038
E	0.464614038
	0.464614038
	0.464614038
s	0.464614038
X	0.464759959
	0.464759959
	0.464759959
P	0.464759959
^	0.464759959
	0.464905881
	0.465051802
h	0.465197724
	0.465343645
	0.465343645
	0.465489567
w	0.465489567
f	0.465489567
Q	0.465489567
	0.465635488
	0.465635488
p	0.465635488
	0.465635488
	0.46578141
	0.46578141
X	0.46578141
]	0.46578141
	0.465927331
	0.465927331
{	0.465927331
p	0.466073253
d	0.466073253
_	0.466073253
	0.466073253
Y	0.466073253
T	0.466073253
x	0.466073253
	0.466219174
	0.466219174
	0.466365096
D	0.466365096
	0.466365096
	0.466365096
K	0.466365096
i	0.466365096
Z	0.466511017
z	0.466511017
	0.466656939
	0.466656939
P	0.466656939
	0.466656939
	0.466656939
	0.466656939
	0.46680286
	0.46680286
	0.466948782
l	0.466948782
	0.466948782
	0.466948782
P	0.466948782
P	0.466948782
	0.466948782
v	0.467094703
n	0.467094703
	0.467094703
	0.467094703
	0.467094703
	0.467240625
	0.467240625
	0.467240625
m	0.467386546
f	0.467386546
	0.467386546
	0.467386546
u	0.467386546
	0.467532468
	0.467532468
E	0.467532468
	0.467678389
	0.467678389
	0.467678389
	0.467824311
	0.467824311
	0.467970232
	0.467970232
	0.467970232
	0.468262075
	0.468262075
	0.468262075
D	0.468262075
F	0.468262075
	0.468407996
	0.468407996
	0.468407996
	0.468407996
	0.468553918
D	0.468553918
	0.468553918
K	0.468553918
Y	0.468699839
w	0.468699839
	0.468699839
	0.468845761
	0.468845761
B	0.468991682
_	0.468991682
j	0.468991682
b	0.468991682
	0.469137604
\	0.469137604
	0.469283525
	0.469283525
	0.469429447
	0.469429447
	0.469429447
	0.469575368
R	0.469575368
F	0.46972129
	0.46972129
	0.46972129
m	0.46972129
	0.469867211
	0.469867211
	0.469867211
Y	0.469867211
j	0.469867211
	0.469867211
	0.469867211
	0.469867211
	0.470013133
^	0.470013133
~	0.470159054
	0.470159054
	0.470159054
	0.470159054
	0.470304976
	0.470304976
B	0.470304976
	0.470450897
[	0.470596819
	0.470596819
	0.470596819
d	0.470596819
	0.470596819
	0.470596819
Y	0.47074274
Z	0.47074274
	0.47074274
	0.470888662
f	0.470888662
m	0.471034583
	0.471034583
~	0.471034583
	0.471034583
	0.471034583
	0.471034583
q	0.471034583
e	0.471180505
I	0.471180505
v	0.471180505
_	0.471180505
	0.471180505
t	0.471180505
y	0.471326426
	0.471326426
	0.471326426
	0.471326426
N	0.471326426
	0.471326426
	0.471472348
	0.471472348
	0.471618269
H	0.471618269
	0.471618269
s	0.471618269
	0.471764191
	0.471764191
	0.471764191
	0.471910112
	0.471910112
	0.471910112
	0.471910112
	0.472056034
V	0.472056034
	0.472056034
	0.472056034
	0.472056034
	0.472056034
	0.472201955
	0.472201955
m	0.472201955
	0.472347877
I	0.472347877
	0.472347877
]	0.472493798
	0.472493798
	0.472493798
@	0.472493798
f	0.472493798
[	0.47263972
	0.472785641
	0.472785641
W	0.472931563
	0.472931563
	0.472931563
i	0.472931563
	0.473077484
	0.473223406
	0.473223406
g	0.473223406
	0.473223406
K	0.473223406
	0.473223406
}	0.473369327
	0.473369327
J	0.473369327
	0.473515249
	0.473515249
@	0.473515249
	0.473515249
	0.473515249
w	0.47366117
]	0.47366117
	0.473807092
f	0.473807092
	0.473953013
	0.473953013
	0.474098935
	0.474098935
	0.474244856
Y	0.474244856
~	0.474390778
r	0.474390778
	0.474536699
	0.474536699
	0.474536699
	0.474682621
	0.474682621
	0.474682621
	0.474682621
F	0.474682621
	0.474682621
A	0.474828542
J	0.474828542
	0.474828542
c	0.474828542
x	0.474828542
S	0.474828542
	0.474974464
	0.474974464
	0.474974464
	0.475120385
	0.475120385
	0.475120385
	0.475120385
	0.475120385
	0.475120385
N	0.475120385
	0.475266307
	0.475266307
	0.475266307
]	0.475266307
	0.475412228
	0.475412228
	0.47555815
	0.475704071
	0.475704071
	0.475704071
Z	0.475704071
e	0.475704071
	0.475849993
	0.475849993
	0.475849993
	0.475849993
	0.475849993
	0.475995914
	0.475995914
	0.475995914
	0.476141836
	0.476141836
	0.476141836
J	0.476141836
	0.476141836
	0.476287757
	0.476287757
	0.476287757
	0.476287757
	0.476287757
	0.476433679
	0.476433679
	0.476433679
	0.476433679
	0.476433679
s	0.4765796
x	0.4765796
	0.4765796
q	0.4765796
o	0.476725522
	0.476725522
	0.476871443
|	0.476871443
	0.476871443
	0.476871443
	0.477017365
	0.477017365
V	0.477163286
	0.477163286
	0.477163286
	0.477163286
I	0.477163286
Z	0.477163286
[	0.477163286
	0.477163286
{	0.477163286
	0.477309208
	0.477309208
	0.477455129
	0.477601051
	0.477601051
[	0.477746972
m	0.477746972
	0.477746972
t	0.477892894
	0.477892894
	0.477892894
T	0.477892894
	0.478038815
E	0.478038815
	0.478038815
r	0.478184737
	0.478330658
	0.478330658
	0.478330658
	0.47847658
R	0.47847658
n	0.47847658
i	0.478622501
b	0.478622501
	0.478622501
U	0.478622501
	0.478622501
	0.478768423
	0.478768423
z	0.478768423
Z	0.478914344
g	0.478914344
	0.479060266
	0.479060266
	0.479060266
	0.479206187
	0.479206187
	0.479206187
f	0.479206187
	0.479352109
	0.479352109
	0.479352109
]	0.479352109
	0.479352109
	0.47949803
	0.47949803
	0.479643952
u	0.479643952
p	0.479643952
	0.479643952
F	0.479789873
`	0.479789873
^	0.479789873
	0.479789873
	0.479935795
L	0.479935795
f	0.479935795
	0.479935795
	0.479935795
	0.479935795
	0.480081716
	0.480081716
	0.480081716
	0.480081716
q	0.480227638
	0.480227638
	0.480227638
	0.480227638
a	0.480227638
	0.480373559
	0.480373559
A	0.480373559
	0.480373559
V	0.480373559
	0.480373559
z	0.480373559
	0.480519481
	0.480519481
	0.480519481
l	0.480519481
	0.480519481
	0.480519481
g	0.480665402
	0.480665402
	0.480665402
	0.480811324
Q	0.480811324
	0.480811324
	0.480811324
^	0.480811324
	0.480811324
	0.480957245
	0.480957245
	0.480957245
	0.481103166
	0.481249088
|	0.481249088
r	0.481249088
	0.481395009
	0.481395009
[	0.481540931
	0.481540931
n	0.481686852
	0.481686852
	0.481832774
}	0.481832774
	0.481832774
	0.481978695
F	0.481978695
	0.481978695
h	0.481978695
c	0.482124617
t	0.482124617
	0.482270538
	0.482270538
	0.482270538
	0.48241646
x	0.482562381
Z	0.482562381
k	0.482562381
	0.482562381
	0.482562381
	0.482562381
s	0.482708303
t	0.482708303
	0.482708303
	0.482854224
	0.482854224
N	0.482854224
a	0.482854224
	0.482854224
Z	0.483000146
	0.483000146
	0.483000146
[	0.483000146
p	0.483146067
	0.483146067
	0.483146067
w	0.483146067
Y	0.48343791
	0.483583832
m	0.483583832
r	0.483583832
B	0.483583832
	0.483583832
	0.483729753
	0.483729753
X	0.483729753
G	0.483875675
`	0.483875675
	0.483875675
	0.483875675
J	0.484021596
	0.484021596
	0.484021596
f	0.484021596
b	0.484021596
	0.484021596
	0.484021596
x	0.484167518
	0.484167518
o	0.484167518
	0.484167518
	0.484313439
Y	0.484313439
	0.484313439
	0.484459361
	0.484459361
	0.484459361
|	0.484459361
	0.484459361
	0.484459361
	0.484605282
U	0.484605282
	0.484751204
	0.484751204
	0.484751204
A	0.484751204
	0.484751204
	0.484751204
`	0.484897125
	0.484897125
	0.484897125
	0.484897125
	0.485043047
	0.485043047
	0.485043047
J	0.485188968
H	0.485188968
	0.485188968
	0.485188968
	0.485188968
	0.485188968
E	0.485480811
	0.485480811
	0.485480811
	0.485480811
	0.485480811
E	0.485626733
L	0.485626733
	0.485626733
I	0.485626733
	0.485626733
	0.485772654
	0.485772654
M	0.485918576
	0.485918576
	0.485918576
g	0.485918576
	0.485918576
M	0.485918576
_	0.485918576
	0.486064497
	0.486064497
z	0.486210419
M	0.486210419
g	0.486210419
	0.486210419
	0.486210419
p	0.486210419
	0.486210419
S	0.486210419
	0.48635634
	0.48635634
d	0.48635634
	0.48635634
	0.48635634
	0.48635634
@	0.486502262
	0.486502262
	0.486502262
	0.486502262
	0.486648183
	0.486648183
c	0.486794105
	0.486794105
	0.486794105
W	0.486794105
	0.486794105
	0.486794105
	0.486794105
	0.486794105
	0.486940026
	0.486940026
J	0.487085948
	0.487085948
	0.487085948
	0.487085948
I	0.487085948
Q	0.487231869
	0.487231869
R	0.487231869
E	0.487377791
Z	0.487377791
	0.487377791
	0.487377791
c	0.487377791
n	0.487523712
	0.487523712
}	0.487523712
z	0.487523712
	0.487669634
	0.487669634
	0.487669634
	0.487669634
n	0.487669634
	0.487815555
	0.487815555
[	0.487815555
	0.487815555
c	0.487815555
~	0.487815555
D	0.487815555
	0.487815555
z	0.487815555
	0.487961477
g	0.487961477
	0.487961477
	0.488107398
B	0.488107398
	0.488107398
t	0.488107398
	0.488107398
i	0.488107398
j	0.488107398
	0.48825332
	0.48825332
	0.48825332
	0.48825332
\	0.488399241
R	0.488399241
	0.488399241
	0.488399241
G	0.488399241
j	0.488399241
	0.488545163
@	0.488545163
@	0.488545163
	0.488545163
h	0.488545163
i	0.488545163
	0.488545163
	0.488545163
|	0.488545163
{	0.488545163
q	0.488691084
	0.488691084
	0.488691084
	0.488837006
`	0.488837006
	0.488837006
l	0.488982927
	0.488982927
{	0.488982927
	0.488982927
	0.488982927
a	0.488982927
	0.489128849
g	0.489128849
	0.489128849
	0.48927477
	0.48927477
	0.48927477
	0.48927477
	0.48927477
	0.48927477
	0.489420692
	0.489420692
	0.489420692
W	0.489420692
o	0.489420692
	0.489420692
p	0.489420692
	0.489420692
	0.489566613
	0.489566613
	0.489566613
	0.489566613
o	0.489566613
	0.489566613
	0.489712535
	0.489712535
	0.489712535
	0.489712535
R	0.489858456
	0.489858456
	0.490004378
	0.490004378
	0.490004378
K	0.490004378
	0.490004378
f	0.490150299
	0.490150299
	0.490150299
	0.490150299
	0.490150299
L	0.490150299
x	0.490296221
	0.490296221
	0.490442142
	0.490442142
b	0.490588064
~	0.490588064
[	0.490588064
	0.490588064
	0.490588064
_	0.490733985
D	0.490733985
	0.490733985
Z	0.490879907
	0.490879907
	0.490879907
g	0.491025828
	0.491025828
	0.491025828
	0.491025828
	0.49117175
	0.49117175
	0.49117175
A	0.49117175
	0.491317671
	0.491317671
	0.491317671
R	0.491463593
	0.491463593
i	0.491609514
	0.491609514
B	0.491609514
	0.491609514
	0.491755436
	0.491901357
d	0.491901357
	0.491901357
	0.491901357
z	0.491901357
z	0.491901357
o	0.492047279
`	0.492047279
	0.492047279
	0.492047279
	0.492047279
	0.492047279
	0.4921932
I	0.4921932
	0.4921932
	0.4921932
S	0.4921932
	0.4921932
	0.4921932
	0.492339122
	0.492339122
r	0.492339122
	0.492485043
	0.492485043
	0.492485043
	0.492485043
	0.492485043
l	0.492485043
	0.492485043
	0.492485043
b	0.492485043
	0.492485043
d	0.492485043
	0.492485043
b	0.492630965
	0.492630965
Q	0.492776886
	0.492776886
	0.492776886
F	0.492922808
	0.492922808
	0.492922808
D	0.493068729
`	0.493068729
n	0.493068729
	0.493068729
	0.493214651
R	0.493214651
	0.493214651
	0.493214651
	0.493214651
	0.493214651
b	0.493214651
	0.493214651
	0.493360572
b	0.493360572
P	0.493360572
]	0.493360572
	0.493506494
	0.493506494
I	0.493506494
	0.493506494
_	0.493506494
	0.493652415
	0.493652415
T	0.493652415
s	0.493652415
	0.493798336
H	0.493798336
	0.493944258
A	0.493944258
	0.493944258
S	0.493944258
[	0.493944258
	0.493944258
	0.494090179
~	0.494090179
\	0.494090179
	0.494090179
	0.494090179
	0.494236101
c	0.494236101
O	0.494236101
	0.494382022
	0.494382022
	0.494527944
	0.494527944
	0.494527944
K	0.494527944
	0.494527944
	0.494673865
	0.494673865
	0.494673865
	0.494673865
	0.494673865
	0.494673865
	0.494819787
i	0.494819787
	0.494819787
	0.494965708
	0.494965708
	0.494965708
	0.494965708
	0.494965708
	0.49511163
C	0.49511163
	0.49511163
	0.49511163
	0.49511163
	0.49511163
	0.495257551
{	0.495257551
	0.495257551
	0.495257551
	0.495257551
I	0.495257551
\	0.495403473
c	0.495695316
b	0.495695316
	0.495695316
	0.495695316
	0.495841237
A	0.495841237
	0.495841237
	0.495987159
h	0.495987159
Q	0.495987159
	0.495987159
	0.495987159
	0.495987159
r	0.495987159
v	0.495987159
	0.49613308
	0.49613308
	0.496279002
	0.496279002
	0.496279002
	0.496279002
	0.496279002
	0.496279002
	0.496424923
	0.496424923
	0.496424923
Y	0.496424923
	0.496570845
	0.496570845
`	0.496570845
x	0.496570845
}	0.496570845
	0.496570845
	0.496716766
	0.496716766
	0.496862688
	0.496862688
	0.497008609
m	0.497008609
	0.497008609
U	0.497008609
_	0.497008609
	0.497008609
	0.497008609
	0.497154531
T	0.497154531
	0.497154531
	0.497154531
	0.497154531
	0.497154531
d	0.497154531
	0.497154531
	0.497300452
^	0.497300452
	0.497300452
p	0.497300452
	0.497300452
	0.497446374
	0.497446374
a	0.497446374
n	0.497446374
v	0.497592295
B	0.497592295
	0.497592295
	0.497738217
	0.497738217
}	0.497738217
	0.497738217
y	0.497738217
	0.497884138
	0.497884138
	0.497884138
	0.497884138
	0.497884138
	0.497884138
	0.497884138
	0.497884138
z	0.49803006
	0.49803006
y	0.498175981
	0.498175981
]	0.498321903
	0.498321903
j	0.498321903
}	0.498321903
	0.498321903
	0.498467824
i	0.498467824
	0.498467824
P	0.498467824
	0.498467824
	0.498467824
	0.498467824
	0.498467824
	0.498613746
	0.498613746
	0.498613746
	0.498613746
q	0.498759667
	0.498759667
	0.498759667
Y	0.498905589
	0.498905589
	0.498905589
O	0.498905589
	0.498905589
	0.49905151
h	0.49905151
	0.49905151
	0.49905151
	0.49905151
	0.499197432
	0.499197432
]	0.499197432
	0.499197432
	0.499197432
	0.499197432
`	0.499343353
	0.499343353
	0.499489275
	0.499489275
	0.499489275
	0.499635196
	0.499635196
	0.499635196
	0.499635196
	0.499635196
	0.499635196
	0.499635196
	0.499635196
	0.499781118
p	0.499781118
t	0.499781118
	0.499927039
i	0.499927039
|	0.499927039
e	0.499927039
	0.499927039
	0.500072961
w	0.500072961
	0.500072961
b	0.500072961
	0.500072961
	0.500218882
u	0.500364804
x	0.500364804
n	0.500364804
	0.500364804
	0.500364804
	0.500510725
U	0.500510725
m	0.500510725
	0.500510725
	0.500656647
N	0.500656647
N	0.500656647
k	0.500656647
	0.500656647
	0.500656647
	0.500656647
\	0.500802568
	0.500802568
r	0.500802568
	0.500802568
	0.500802568
	0.500802568
	0.50094849
	0.50094849
	0.50094849
	0.50094849
	0.501094411
W	0.501094411
	0.501094411
	0.501094411
	0.501240333
	0.501240333
	0.501240333
	0.501240333
	0.501386254
	0.501386254
	0.501386254
	0.501386254
	0.501386254
	0.501386254
	0.501386254
	0.501532176
	0.501532176
	0.501532176
	0.501532176
T	0.501532176
_	0.501532176
	0.501678097
V	0.501678097
	0.501678097
	0.501678097
	0.501678097
	0.501678097
Y	0.501824019
L	0.501824019
	0.501824019
	0.501824019
	0.50196994
K	0.50196994
M	0.50196994
	0.50196994
q	0.50196994
	0.50196994
	0.50196994
	0.502115862
	0.502115862
	0.502115862
	0.502115862
	0.502261783
	0.502407705
P	0.502407705
	0.502407705
	0.502407705
p	0.502407705
	0.502553626
	0.502553626
P	0.502553626
	0.502845469
	0.502845469
	0.502845469
	0.502845469
E	0.502845469
m	0.502991391
	0.502991391
_	0.502991391
	0.502991391
	0.502991391
	0.503137312
U	0.503137312
	0.503137312
	0.503137312
	0.503137312
	0.503137312
	0.503283234
N	0.503283234
	0.503283234
	0.503283234
	0.503429155
	0.503429155
|	0.503429155
	0.503429155
p	0.503429155
	0.503429155
	0.503575077
E	0.503575077
	0.503575077
y	0.503720998
	0.503720998
	0.50386692
c	0.50386692
f	0.50386692
	0.504012841
H	0.504012841
	0.504012841
	0.504012841
	0.504012841
G	0.504158763
	0.504158763
	0.504304684
	0.504304684
u	0.504304684
	0.504450606
K	0.504450606
	0.504450606
	0.504450606
	0.504596527
	0.504596527
	0.504596527
I	0.504596527
	0.504596527
	0.504596527
	0.504742449
	0.504742449
J	0.504742449
	0.50488837
	0.50488837
	0.50488837
R	0.50488837
	0.50488837
G	0.50488837
	0.505034292
Z	0.505034292
	0.505034292
	0.505180213
d	0.505180213
	0.505180213
	0.505326135
	0.505326135
	0.505326135
~	0.505326135
	0.505617978
e	0.505763899
x	0.505909821
	0.505909821
	0.505909821
	0.506201664
	0.506347585
	0.506347585
p	0.506347585
	0.506347585
	0.506347585
	0.506493506
j	0.506493506
	0.506493506
	0.506493506
	0.506493506
	0.506493506
	0.506493506
	0.506493506
	0.506639428
l	0.506639428
	0.506639428
	0.506785349
	0.506785349
	0.506785349
q	0.506785349
	0.506785349
B	0.506785349
	0.506931271
P	0.507077192
S	0.507223114
	0.507223114
	0.507223114
	0.507223114
	0.507369035
@	0.507369035
	0.507369035
	0.507369035
q	0.507514957
	0.507514957
R	0.507514957
M	0.507514957
@	0.507514957
A	0.507514957
X	0.507514957
{	0.507514957
R	0.507514957
o	0.507660878
	0.5078068
M	0.5078068
g	0.5078068
	0.507952721
	0.507952721
	0.508098643
	0.508098643
	0.508098643
	0.508098643
M	0.508098643
	0.508098643
	0.508244564
	0.508244564
	0.508244564
q	0.508244564
	0.508244564
	0.508390486
U	0.508390486
	0.508390486
	0.508536407
	0.508536407
	0.508536407
	0.508536407
	0.508536407
	0.508536407
w	0.508682329
	0.508682329
Q	0.508682329
n	0.508682329
	0.508682329
A	0.508682329
w	0.50882825
J	0.50882825
	0.50882825
^	0.508974172
	0.508974172
T	0.508974172
	0.508974172
	0.509120093
	0.509120093
	0.509266015
	0.509266015
	0.509411936
	0.509411936
	0.509411936
	0.509411936
	0.509411936
B	0.509411936
	0.509411936
S	0.509411936
	0.509557858
	0.509557858
	0.509703779
C	0.509703779
F	0.509703779
G	0.509703779
u	0.509703779
	0.509849701
F	0.509849701
y	0.509849701
	0.509995622
F	0.509995622
A	0.509995622
	0.509995622
	0.509995622
	0.509995622
k	0.510141544
N	0.510141544
	0.510141544
{	0.510141544
	0.510141544
	0.510141544
	0.510141544
B	0.510287465
	0.510287465
B	0.510287465
X	0.510287465
Y	0.510433387
	0.510433387
	0.510433387
@	0.510433387
{	0.510433387
	0.510579308
	0.51072523
	0.51072523
p	0.51072523
}	0.510871151
	0.510871151
	0.510871151
F	0.510871151
	0.511017073
	0.511017073
a	0.511017073
	0.511017073
	0.511162994
	0.511162994
i	0.511308916
	0.511454837
	0.511454837
	0.511454837
y	0.511600759
|	0.511600759
	0.511600759
v	0.511600759
^	0.51174668
@	0.51174668
	0.51174668
	0.51174668
	0.511892602
	0.511892602
	0.511892602
~	0.511892602
	0.512038523
	0.512038523
	0.512038523
	0.512184445
Y	0.512184445
~	0.512184445
	0.512184445
	0.512330366
P	0.512330366
h	0.512330366
k	0.512330366
d	0.512476288
J	0.512476288
e	0.512476288
D	0.512622209
	0.512622209
	0.512768131
l	0.512768131
	0.512914052
@	0.512914052
	0.512914052
L	0.512914052
	0.513059974
B	0.513059974
Q	0.513059974
	0.513059974
	0.513059974
	0.513059974
	0.513205895
	0.513205895
	0.513205895
	0.513205895
	0.513351817
C	0.51364366
|	0.513789581
	0.513789581
	0.513789581
	0.513789581
	0.513789581
	0.513935503
	0.513935503
	0.513935503
	0.513935503
	0.513935503
	0.514081424
w	0.514081424
Q	0.514081424
	0.514081424
O	0.514227346
	0.514227346
	0.514227346
	0.514373267
K	0.514373267
	0.514373267
	0.514373267
	0.514373267
k	0.514373267
T	0.514373267
	0.514519189
Q	0.514519189
	0.51466511
	0.51466511
	0.51466511
t	0.51466511
~	0.514811032
u	0.514811032
	0.514811032
	0.514811032
	0.514811032
	0.514811032
	0.514811032
	0.514956953
	0.514956953
s	0.514956953
	0.514956953
	0.515102875
	0.515102875
q	0.515248796
	0.515394718
	0.515540639
	0.515540639
	0.515540639
F	0.515540639
	0.515686561
H	0.515686561
	0.515832482
	0.515832482
	0.515832482
	0.515832482
	0.515832482
	0.515978404
	0.515978404
	0.515978404
`	0.516124325
	0.516270247
i	0.516270247
	0.516416168
	0.51656209
Y	0.51656209
	0.516708011
	0.516708011
	0.516708011
	0.516708011
	0.516708011
	0.516853933
	0.516853933
a	0.516853933
{	0.516853933
	0.516999854
	0.516999854
J	0.516999854
	0.517145776
	0.517145776
	0.517291697
	0.517291697
l	0.517291697
	0.517291697
	0.517437619
n	0.517437619
	0.51758354
	0.51758354
	0.51758354
	0.51758354
	0.51758354
	0.517729462
k	0.517729462
	0.517729462
	0.517875383
C	0.517875383
	0.517875383
Y	0.517875383
	0.517875383
W	0.518021305
	0.518021305
L	0.518021305
	0.518167226
n	0.518167226
	0.518167226
m	0.518313148
c	0.518313148
	0.518459069
s	0.518459069
	0.518604991
	0.518896834
|	0.518896834
f	0.518896834
Q	0.518896834
	0.519042755
	0.519042755
V	0.519042755
	0.519188676
@	0.519188676
U	0.519334598
	0.519334598
	0.519334598
g	0.519480519
h	0.519480519
S	0.519480519
	0.519626441
E	0.519626441
{	0.519626441
N	0.519772362
	0.519772362
	0.519772362
t	0.519918284
	0.519918284
	0.519918284
	0.520064205
	0.520064205
	0.520064205
	0.520064205
	0.520210127
	0.520210127
	0.520210127
	0.520210127
	0.520356048
~	0.520356048
	0.52050197
	0.52050197
X	0.520647891
	0.520647891
	0.520647891
	0.520647891
	0.520647891
	0.520793813
g	0.520793813
w	0.520793813
U	0.520939734
	0.520939734
L	0.520939734
	0.520939734
P	0.521085656
s	0.521085656
	0.521085656
	0.521231577
	0.521231577
	0.521231577
	0.521377499
	0.521377499
m	0.521377499
t	0.521377499
	0.52152342
	0.521669342
	0.521669342
[	0.521669342
z	0.521815263
V	0.521815263
	0.521961185
	0.521961185
j	0.522107106
	0.522107106
}	0.522107106
	0.522107106
W	0.522253028
	0.522398949
	0.522398949
	0.522398949
	0.522544871
P	0.522544871
	0.522690792
	0.522836714
	0.522982635
	0.522982635
A	0.522982635
	0.522982635
\	0.523128557
C	0.523128557
	0.523274478
y	0.5234204
z	0.5234204
	0.523566321
	0.523712243
	0.523712243
	0.523858164
j	0.524004086
	0.524004086
	0.524004086
	0.524150007
	0.524150007
E	0.524150007
	0.524150007
@	0.524150007
	0.524295929
X	0.524295929
	0.524587772
	0.524587772
	0.524733693
	0.524733693
	0.524879615
	0.525171458
	0.525171458
	0.525317379
B	0.525317379
	0.525317379
	0.525463301
e	0.525463301
	0.525463301
	0.525609222
Q	0.525609222
}	0.525609222
c	0.525609222
	0.525755144
	0.525755144
	0.525901065
	0.525901065
	0.526046987
	0.526046987
	0.526046987
	0.526046987
	0.526192908
h	0.526192908
	0.526192908
V	0.526192908
	0.526630673
c	0.526630673
z	0.526630673
	0.526776594
i	0.526776594
Y	0.526922516
	0.526922516
	0.527068437
	0.527068437
	0.527068437
	0.527068437
	0.527214359
O	0.527214359
	0.52736028
e	0.52736028
	0.527506202
	0.527506202
	0.527652123
	0.527652123
	0.527798045
	0.527943966
	0.527943966
	0.527943966
Q	0.528089888
	0.528235809
	0.528235809
	0.528235809
	0.528235809
p	0.528381731
	0.528381731
	0.528381731
	0.528381731
	0.528527652
i	0.528527652
@	0.528527652
	0.528527652
	0.528527652
	0.528527652
	0.528527652
w	0.528527652
	0.528673574
o	0.528819495
k	0.528819495
	0.528965417
	0.528965417
O	0.528965417
d	0.528965417
	0.529111338
v	0.529111338
	0.52925726
V	0.52925726
	0.529403181
	0.529403181
	0.529403181
	0.529695024
X	0.529695024
C	0.529840946
	0.529840946
	0.529840946
	0.529986867
	0.530132789
x	0.530132789
w	0.530132789
	0.53027871
g	0.53027871
	0.53027871
	0.530424632
	0.530570553
	0.530570553
c	0.530716475
	0.530716475
C	0.530716475
b	0.530862396
	0.531008318
	0.531154239
	0.531154239
	0.531300161
	0.531446082
	0.531446082
s	0.531446082
	0.531592004
	0.531592004
	0.532029768
	0.532175689
M	0.532175689
M	0.532175689
o	0.532175689
k	0.532175689
	0.532175689
	0.532175689
	0.532321611
E	0.532321611
	0.532321611
T	0.532613454
	0.532613454
	0.532905297
	0.533051218
	0.53319714
	0.53319714
d	0.53319714
	0.533343061
	0.533343061
	0.533343061
	0.533634904
	0.533634904
	0.533634904
x	0.533634904
	0.533780826
	0.533926747
Z	0.534072669
	0.534072669
	0.534072669
W	0.534072669
z	0.53421859
}	0.53421859
E	0.53421859
	0.53421859
	0.53421859
	0.53421859
	0.534510433
y	0.534510433
	0.534656355
X	0.534656355
	0.534656355
	0.534656355
	0.534802276
[	0.534802276
	0.534802276
	0.534948198
V	0.534948198
_	0.534948198
	0.534948198
	0.535094119
	0.535094119
T	0.535094119
	0.535094119
F	0.535240041
W	0.535240041
	0.535240041
	0.535240041
	0.535240041
	0.535385962
	0.535531884
	0.535531884
	0.535531884
	0.535677805
	0.535823727
	0.535823727
h	0.53611557
	0.536261491
h	0.536261491
	0.536261491
	0.536261491
	0.536261491
	0.536407413
	0.536553334
T	0.536553334
X	0.536699256
	0.536845177
	0.536845177
G	0.536991099
	0.536991099
	0.53713702
	0.53713702
|	0.53713702
	0.537282942
	0.537282942
	0.537428863
|	0.537428863
	0.537428863
	0.537574785
	0.537574785
d	0.537720706
	0.537720706
	0.537866628
	0.537866628
	0.537866628
	0.538012549
	0.538012549
	0.538158471
	0.538158471
	0.538158471
	0.538158471
	0.538158471
	0.538304392
a	0.538304392
	0.538304392
a	0.538304392
V	0.538450314
	0.538450314
	0.538450314
	0.538450314
	0.538596235
	0.538596235
	0.538596235
	0.538596235
	0.538742157
	0.538742157
	0.538742157
	0.538742157
	0.539034
A	0.539034
	0.539034
	0.539179921
	0.539179921
	0.539325843
U	0.539325843
g	0.539325843
r	0.539325843
	0.539325843
	0.539471764
	0.539617686
	0.539763607
	0.539763607
	0.539909529
	0.539909529
	0.539909529
O	0.539909529
	0.54005545
G	0.54005545
	0.540201372
	0.540201372
	0.540201372
	0.540493215
S	0.540785058
j	0.540785058
s	0.540785058
	0.540930979
]	0.540930979
	0.540930979
	0.541222822
	0.541368744
	0.541514665
	0.54195243
	0.542098351
	0.542244273
	0.542244273
	0.542244273
l	0.542244273
	0.542536116
l	0.542682037
@	0.542682037
	0.543119802
	0.543265723
	0.543265723
	0.543411645
	0.543411645
	0.543411645
	0.543557566
	0.543557566
]	0.543557566
O	0.543703488
	0.543995331
	0.543995331
	0.543995331
	0.544141252
	0.544141252
	0.544141252
	0.544287174
	0.544433095
	0.544433095
	0.544579016
	0.544724938
\	0.545016781
	0.545016781
	0.545162702
p	0.545162702
M	0.545308624
	0.545454545
H	0.545454545
	0.545454545
	0.54589231
	0.546038231
K	0.546038231
R	0.546038231
	0.546184153
K	0.546330074
	0.546330074
	0.546330074
	0.546330074
k	0.54691376
c	0.54691376
	0.547059682
\	0.547059682
u	0.547059682
	0.547205603
	0.547205603
	0.547205603
	0.547205603
K	0.547351525
	0.547497446
S	0.547643368
B	0.547643368
	0.547643368
w	0.547789289
	0.547935211
	0.548227054
	0.548227054
	0.548227054
a	0.548227054
	0.548227054
D	0.548227054
h	0.548227054
f	0.548372975
	0.548372975
N	0.548518897
	0.548518897
	0.548518897
	0.548664818
S	0.548664818
	0.548664818
	0.54881074
z	0.548956661
	0.548956661
	0.548956661
j	0.549102583
|	0.549394426
	0.549686269
a	0.549686269
f	0.54983219
	0.550269955
	0.550415876
	0.550561798
r	0.550707719
n	0.550999562
e	0.550999562
	0.550999562
	0.550999562
	0.551145484
	0.551145484
[	0.551291405
	0.551437327
	0.551875091
{	0.552021013
	0.552604699
	0.552604699
	0.552604699
	0.55275062
	0.55275062
	0.55275062
d	0.55275062
H	0.55275062
	0.553480228
	0.553480228
H	0.553917992
	0.553917992
	0.554209835
	0.554793521
	0.554939443
	0.554939443
	0.554939443
	0.554939443
	0.555085364
	0.555085364
	0.555231286
b	0.555231286
	0.555814972
	0.555960893
	0.555960893
	0.556106815
	0.556106815
	0.556398658
	0.556398658
N	0.556544579
	0.556836422
	0.557128265
	0.557274186
e	0.557420108
a	0.557566029
	0.558149715
f	0.558733401
	0.559025244
	0.559171166
]	0.559317087
	0.559754852
	0.559754852
I	0.559754852
	0.559754852
Q	0.560046695
H	0.561214067
`	0.561797753
	0.561943674
w	0.561943674
	0.562089596
	0.562673282
M	0.562819203
	0.563111046
	0.563840654
	0.563840654
	0.563986575
	0.56442434
k	0.56442434
c	0.565008026
	0.56544579
	0.565591712
	0.567634613
E	0.567634613
	0.568072377
	0.568656063
	0.568801985
	0.569239749
	0.569385671
	0.570115278
	0.570115278
	0.570115278
@	0.570698964
~	0.570844885
G	0.571136728
	0.571574493
	0.571866336
	0.572158179
	0.572595943
	0.572887786
	0.573325551
	0.573763315
j	0.573909237
M	0.57420108
L	0.57522253
	0.575806216
	0.575806216
	0.576827667
	0.577265431
A	0.577557274
Y	0.577849117
	0.57814096
R	0.578432803
	0.578870568
	0.579162411
[	0.580329783
	0.580767547
	0.581351233
	0.583102291
	0.583540055
	0.583540055
	0.58397782
	0.584269663
	0.58499927
	0.586020721
	0.586312564
	0.587479936
	0.587479936
	0.588793229
f	0.589085072
A	0.589230994
	0.594630089
	0.597840362
H	0.601780242
u	0.602655771
R	0.603385379
	0.604844594
	0.612578433
	0.62600321
